Test set scores:
r2_score = 0.427235145008
mean_squared_error = 0.0499603331487
mean_absolute_error = 0.129522742803
mean_percentage_error = 13.5138097031
median_absolute_error = 0.0895372470293
median_percentage_error = 9.38926544147
