Test set scores:
r2_score = 0.841061554102
mean_squared_error = 0.133698339566
mean_absolute_error = 0.193254313407
mean_percentage_error = 19.3209325058
median_absolute_error = 0.105928448095
median_percentage_error = 14.7533478071
