Test set scores:
r2_score = 0.818146837851
mean_squared_error = 0.0985964939608
mean_absolute_error = 0.194525393734
mean_percentage_error = 20.0585926757
median_absolute_error = 0.126838599881
median_percentage_error = 17.2071444316
