Test set scores:
r2_score = 0.840151446711
mean_squared_error = 0.133434425366
mean_absolute_error = 0.204170730972
mean_percentage_error = 20.2638700483
median_absolute_error = 0.115864733335
median_percentage_error = 15.7971607831
