Test set scores:
r2_score = 0.858488112479
mean_squared_error = 0.0786342525209
mean_absolute_error = 0.164748465028
mean_percentage_error = 18.2508173353
median_absolute_error = 0.0929815491101
median_percentage_error = 11.6881634934
