Test set scores:
r2_score = 0.667637796036
mean_squared_error = 0.0973244342765
mean_absolute_error = 0.211469991993
mean_percentage_error = 24.6864186383
median_absolute_error = 0.150625931287
median_percentage_error = 17.7607660878
